0.000000 0.000000 0.000000	0.000000
0.000000 0.249538 0.040734	0.187153
0.000000 0.998781 0.479455	0.749085
0.000000 2.249512 1.357234	1.687134
0.000000 3.998074 2.634048	2.998556
0.000000 6.251561 4.293685	4.688671
0.000000 8.995821 6.344738	6.746866
0.249538 0.000000 0.131236	0.187153
0.249538 0.249538 0.259080	0.374306
0.249538 0.998781 0.743706	0.936239
0.249538 2.249512 1.637557	1.874287
0.249538 3.998074 2.919317	3.185709
0.249538 6.251561 4.599806	4.875824
0.249538 8.995821 6.663786	6.934019
0.998781 0.000000 0.748685	0.749085
0.998781 0.249538 0.936550	0.936239
0.998781 0.998781 1.495630	1.498171
0.998781 2.249512 2.435050	2.436219
0.998781 3.998074 3.751914	3.747641
0.998781 6.251561 5.437054	5.437756
0.998781 8.995821 7.496326	7.495951
2.249512 0.000000 1.773426	1.687134
2.249512 0.249538 1.994810	1.874287
2.249512 0.998781 2.622504	2.436219
2.249512 2.249512 3.624143	3.374267
2.249512 3.998074 4.985521	4.685689
2.249512 6.251561 6.707353	6.375805
2.249512 8.995821 8.801058	8.433999
3.998074 0.000000 3.107389	2.998556
3.998074 0.249538 3.348284	3.185709
3.998074 0.998781 4.028070	3.747641
3.998074 2.249512 5.095052	4.685689
3.998074 3.998074 6.539744	5.997111
3.998074 6.251561 8.328317	7.687227
3.998074 8.995821 10.479184	9.745421
6.251561 0.000000 4.689176	4.688671
6.251561 0.249538 4.937876	4.875824
6.251561 0.998781 5.682351	5.437756
6.251561 2.249512 6.801114	6.375805
6.251561 3.998074 8.312477	7.687227
6.251561 6.251561 10.164881	9.377342
6.251561 8.995821 12.360644	11.435537
8.995821 0.000000 6.472097	6.746866
8.995821 0.249538 6.737976	6.934019
8.995821 0.998781 7.531965	7.495951
8.995821 2.249512 8.710822	8.433999
8.995821 3.998074 10.277231	9.745421
8.995821 6.251561 12.178543	11.435537
8.995821 8.995821 14.452983	13.493732
